Webots Project File version R2018b
perspectives: 000000ff00000000fd00000003000000000000000000000000fc0100000001fb0000001a0044006f00630075006d0065006e0074006100740069006f006e0000000000ffffffff0000006900ffffff00000001000003a8000002bbfc0200000001fb0000001400540065007800740045006400690074006f0072010000001a000002bb0000008700ffffff00000003000007800000012bfc0100000001fb0000000e0043006f006e0073006f006c00650100000000000007800000006900ffffff000003d6000002bb00000001000000020000000100000008fc00000000
simulationViewPerspectives: 000000ff000000010000000200000118000005540100000002010000000100
sceneTreePerspectives: 000000ff0000000100000002000000c00000010c0100000002010000000200
maximizedDockId: -1
centralWidgetVisible: 1
selectionDisabled: 0
viewpointLocked: 0
orthographicViewHeight: 1
textFiles: 1 "controllers/flock_super/flock_super.c" "controllers/flock_controller/flock_controller.c"
renderingDevicePerspectives: epuck1:camera;1;1;0.0235641;0.0296736
renderingDevicePerspectives: epuck2:camera;1;1;0.0235641;0.0296736
renderingDevicePerspectives: epuck4:camera;1;1;0.0235641;0.0296736
renderingDevicePerspectives: epuck3:camera;1;1;0.0235641;0.0296736
renderingDevicePerspectives: epuck0:camera;1;1;0.0235641;0.0296736
