Webots Project File version R2018b
perspectives: 000000ff00000000fd00000003000000000000000000000000fc0100000001fb0000001a0044006f00630075006d0065006e0074006100740069006f006e0000000000ffffffff0000005400ffffff00000001000003a80000031cfc0200000001fb0000001400540065007800740045006400690074006f007201000000160000031c000000a200ffffff000000030000073d0000012bfc0100000001fb0000000e0043006f006e0073006f006c006501000000000000073d0000005400ffffff0000038f0000031c00000001000000020000000100000008fc00000000
simulationViewPerspectives: 000000ff000000010000000200000118000005540100000006010000000100
sceneTreePerspectives: 000000ff0000000100000002000000c00000010c0100000006010000000200
maximizedDockId: -1
centralWidgetVisible: 1
selectionDisabled: 0
viewpointLocked: 0
orthographicViewHeight: 1
textFiles: 0 "controllers/flock_super/flock_super.c" "controllers/flock_controller/flock_controller.c"
renderingDevicePerspectives: epuck0:camera;1;1;0.0235641;0.0296736
renderingDevicePerspectives: epuck1:camera;1;1;0.0235641;0.0296736
renderingDevicePerspectives: epuck2:camera;1;1;0.0235641;0.0296736
renderingDevicePerspectives: epuck4:camera;1;1;0.0235641;0.0296736
renderingDevicePerspectives: epuck3:camera;1;1;0.0235641;0.0296736
